23
64
65
67
70
71
72
73
74
75
76
77
84
87
89
90
92
93
94
103
107
125
126
127
131
132
142
143
144
145
146
147
148
149
150
151
153
154
155
156
157
158
159
160
161
166
167
168
169
170
171
172
173
174
175
176
177
178
179
180
181
182
183
184
185
186
187
188
189
190
191
192
193
194
195
196
197
207
208
209
210
211
212
213
214
215
217
218
219
221
241
243
247
261
262
263
301
302
303
304
305
306
307
308
309
310
311
312
313
314
315
316
317
318
319
320
321
322
323
324
325
326
327
328
329
330
331
332
333
334
335
336
337
338
339
341
343
344
345
346
350
351
352
356
357
358
359
360
361
362
363
364
365
366
367
368
369
370
371
372
373
374
375
376
377
378
380
382
383
385
407
417
418
419
480
481
488
491
492
494
495
496
498
499
500
501
502
503
504
506
507
508
509
510
511
512
524
525
527
528
538
539
540
541
542
543
544
545
546
547
548
549
550
551
552
553
556
568
569
580
581
584
594
595
686
688
689
690
695
696
698
732
733
734
735
736
737
738
745
750
757
758
780
781
803
804
822
824
834
835
911
912
913
914
942
945
948
949
950
951
952
953
963
964
966
967
968
970
972
1006
1007
1010
1011
1012
1013
